1_22935037_C 4_8298244_T 4_11019243_T
2 0 2
0 0 2
0 0 2
0 0 0
0 0 0
0 0 0
NA NA 0
0 NA 0
0 0 0
2 0 0
NA NA 0
NA NA 0
0 0 0
0 0 0
0 0 0
0 0 0
0 0 0
0 0 0
0 0 0
0 0 0
2 NA 0
NA 0 0
0 0 0
0 0 0
0 0 0
0 0 0
0 0 0
0 0 0
2 0 0
2 NA 0
2 NA 0
2 0 0
2 NA 0
2 NA 0
0 0 0
0 0 0
0 0 0
0 0 0
0 0 0
0 0 0
0 0 0
0 2 0
0 2 0
2 NA 0
0 2 0
0 2 0
0 2 0
2 0 0
2 0 0
0 2 0
2 0 0
0 NA 0
0 0 0
0 NA 0
NA NA 0
0 0 0
0 0 0
0 2 0
0 0 0
0 0 0
0 0 0
0 0 0
0 0 0
0 0 0
0 0 0
0 0 0
0 0 0
0 0 0
0 0 0
0 0 0
0 0 0
0 0 0
0 0 0
0 0 0
0 0 0
0 0 0
0 NA 0
0 0 0
0 0 0
0 2 0
0 2 0
0 0 0
0 0 0
0 NA 0
2 NA 2
0 0 0
0 0 0
0 0 0
0 0 0
0 0 0
0 0 0
0 0 0
0 0 0
0 0 0
0 0 0
0 0 0
0 2 2
0 0 0
0 2 0
0 0 0
0 0 0
0 0 0
NA 0 0
NA 2 0
0 0 0
0 0 0
0 NA 2
0 0 0
0 0 0
0 2 0
2 0 0
0 NA 0
0 0 0
2 NA 2
0 0 0
NA 0 0
2 0 2
0 NA 0
NA 0 0
0 NA 0
NA 0 0
0 NA 0
2 NA 0
NA 0 2
2 2 2
0 0 0
2 0 2
2 0 2
NA NA 2
2 0 2
2 2 2
0 NA 0
2 0 2
0 NA 0
2 2 2
2 2 2
2 2 2
0 0 0
0 0 2
0 0 0
0 NA 0
NA 0 0
0 0 0
0 NA 0
2 2 2
2 0 0
NA NA 2
2 0 2
0 NA 0
2 NA 0
2 NA 0
0 0 0
0 NA 0
0 0 0
2 NA 0
0 NA 0
NA 0 0
0 NA 0
0 2 0
0 2 0
2 2 0
NA 0 0
2 NA 0
2 2 0
0 0 0
2 NA 0
0 NA 0
NA NA 0
2 NA 0
0 2 0
0 NA 0
0 2 0
0 NA 0
0 NA 0
0 2 0
0 2 0
2 0 0
2 NA 0
2 2 0
2 2 0
2 0 0
2 0 0
0 2 0
0 NA 0
2 0 0
2 0 0
NA NA 0
2 2 0
2 2 NA
2 0 0
0 2 2
2 0 0
0 NA 0
0 2 0
0 2 0
0 2 0
0 0 0
0 0 0
0 0 0
2 NA 0
0 2 0
0 2 0
0 0 0
0 0 0
0 0 0
2 0 0
0 0 0
2 0 0
0 NA 0
2 NA 0
2 2 0
0 0 0
0 2 0
0 0 0
2 NA 0
2 NA 0
2 2 0
2 2 0
2 0 0
0 NA 0
0 NA 0
0 2 0
0 0 0
2 NA 0
0 NA 0
2 0 0
0 NA 0
0 2 0
2 0 0
0 0 0
2 2 0
2 NA 0
2 NA 0
2 2 0
2 2 0
2 NA 0
0 NA 0
2 NA 0
2 0 0
2 0 0
0 NA 0
2 2 0
0 NA 0
0 0 0
0 2 0
2 0 0
0 NA 0
2 0 0
2 NA 0
0 0 0
2 NA 0
2 0 0
0 NA 0
0 2 0
0 2 0
0 2 0
0 2 0
0 2 0
0 2 0
0 2 0
0 2 0
0 0 0
0 2 0
2 0 0
2 2 0
0 0 NA
0 2 0
0 0 0
0 2 0
2 0 0
2 0 0
0 2 0
0 2 0
2 0 0
0 NA 0
0 NA 0
0 2 0
0 2 0
0 2 0
0 2 0
0 2 0
0 2 0
0 2 0
0 2 0
0 0 0
0 2 0
0 2 0
0 0 0
2 NA 0
2 0 0
0 2 0
2 NA 0
2 NA 0
0 0 0
2 0 0
2 0 0
0 0 0
NA NA 0
0 NA 0
NA NA 0
2 2 0
NA NA 0
0 NA 0
0 0 0
0 NA 2
0 0 0
0 0 0
2 0 0
0 0 0
0 0 0
0 0 0
0 0 0
0 0 0
0 NA 0
0 0 0
2 NA 0
0 2 0
0 2 0
0 NA 0
0 0 0
0 0 0
0 NA 0
0 0 0
2 0 0
NA 2 0
0 0 0
0 2 0
0 2 0
2 NA 0
2 2 0
0 2 0
NA NA 2
0 0 0
0 2 0
0 0 0
2 NA 0
2 NA 0
0 2 0
0 NA 0
NA NA 0
0 2 0
0 NA 0
0 NA 0
0 NA 0
0 NA 0
2 0 0
NA 0 0
0 2 2
2 2 0
0 NA 2
2 2 0
2 NA 0
2 0 0
0 0 0
0 0 0
0 0 0
0 0 2
0 NA 0
0 0 0
2 NA 0
0 NA 0
2 0 0
0 0 0
2 0 0
0 NA 0
0 0 0
2 0 2
0 0 0
2 NA 0
0 0 0
0 2 0
0 NA 2
0 0 0
0 NA 0
0 NA 0
2 2 2
2 NA 0
0 NA 0
NA NA 0
2 NA 0
0 0 2
0 0 0
0 0 0
0 0 0
0 0 0
0 0 0
0 NA 0
2 NA 0
0 0 2
2 2 0
0 NA 0
2 NA 0
2 0 0
0 NA 2
2 NA 2
0 0 0
NA NA NA
0 2 0
0 NA 0
2 NA 0
2 NA 0
2 2 2
2 0 2
0 NA 0
0 NA 2
0 0 0
2 2 0
0 NA 0
2 NA 0
2 0 0
0 0 0
0 0 0
2 2 0
0 0 2
0 0 0
0 NA 0
0 0 0
NA NA 0
0 NA 0
0 0 0
0 2 0
0 0 0
2 0 0
0 0 0
2 NA 0
2 NA 0
2 NA 0
0 2 0
2 0 0
2 0 0
0 2 0
0 NA 0
0 0 0
0 NA 0
0 2 0
2 0 0
2 0 0
0 NA 0
0 0 0
2 0 0
0 2 0
0 0 0
2 NA 0
0 0 0
0 0 0
2 2 0
0 NA 0
0 2 0
2 0 0
2 0 0
2 NA 0
0 0 0
2 0 0
2 NA 0
2 NA 0
0 NA 0
2 2 0
2 0 0
0 NA 0
0 NA 0
0 NA 0
0 NA 0
2 NA 0
0 NA 0
2 2 0
0 2 0
2 0 0
NA 0 0
0 NA 0
2 NA 2
0 NA 0
2 0 2
2 2 0
0 2 0
0 NA 0
2 NA 0
2 0 0
0 NA 0
0 0 0
0 0 0
0 NA 0
0 2 2
0 0 0
0 0 0
0 NA 0
2 0 0
0 2 2
0 0 0
2 0 0
0 2 0
2 0 0
0 NA 0
2 0 0
0 NA 0
0 NA 0
0 NA 2
0 0 0
0 0 0
0 NA 0
2 0 0
2 NA 0
2 NA 0
0 NA 0
0 2 0
0 0 0
NA 0 0
2 0 0
0 0 0
0 NA 0
2 NA 0
2 NA 2
0 NA 2
NA NA 0
NA 2 2
0 0 2
0 0 2
0 0 0
0 0 0
0 0 0
0 0 0
0 0 0
0 0 0
0 NA 2
0 0 0
0 0 0
0 0 0
0 0 0
0 0 0
0 NA 0
2 0 0
0 2 0
2 0 0
2 2 0
0 0 0
0 0 0
0 NA 0
2 NA 0
0 NA 0
0 NA 0
NA NA 2
2 NA 0
2 2 0
2 2 0
NA 0 0
0 NA 0
0 NA 0
0 0 0
2 0 0
0 NA 0
0 NA 0
0 2 0
0 NA 2
2 2 2
0 NA 0
0 NA 0
2 2 0
NA 2 2
0 0 0
2 0 0
2 2 0
0 NA 2
2 0 0
0 0 0
2 0 0
2 NA 2
0 0 2
0 0 0
2 0 0
2 NA 2
0 NA 0
0 NA 0
2 0 0
0 0 0
0 0 0
0 0 0
2 0 0
0 NA 0
2 2 0
2 NA 0
2 0 0
2 0 0
0 0 0
0 0 0
0 0 0
0 0 0
0 0 0
0 2 0
2 2 0
0 NA 2
0 2 2
0 0 0
0 0 2
0 0 0
2 2 0
0 2 0
2 2 0
2 2 0
0 2 2
2 0 2
2 2 2
2 0 0
2 0 2
0 2 0
0 0 0
2 0 2
2 0 2
0 NA 0
2 NA 0
2 NA 0
0 NA 0
0 NA 0
0 NA 0
0 0 0
2 0 0
2 0 0
2 0 0
0 0 0
0 0 0
2 0 2
0 NA 0
0 0 2
0 2 0
0 2 0
0 NA 0
2 0 0
2 0 0
0 0 0
2 2 0
2 0 0
0 2 0
0 0 0
2 2 0
0 2 0
2 NA 0
2 2 0
2 0 0
2 2 0
0 2 0
0 2 0
2 NA 2
2 NA 2
2 NA 2
0 0 0
0 2 0
0 2 0
2 0 0
0 2 0
2 2 0
2 2 0
0 0 0
2 2 0
NA 0 2
2 0 2
2 0 0
0 0 0
0 2 0
0 NA 0
2 2 0
2 NA 0
2 NA 0
2 NA 0
2 0 0
2 0 0
2 NA 2
0 NA 0
2 0 0
2 0 0
2 0 0
2 NA 0
0 2 0
0 NA 0
2 0 0
2 NA 2
0 0 2
0 0 2
NA 0 2
0 0 2
0 2 2
2 0 2
2 2 2
2 2 2
0 NA 2
2 2 2
0 2 0
2 NA 0
2 NA 0
0 0 2
2 0 0
0 2 0
0 0 0
2 0 0
2 NA 2
0 NA 0
2 2 0
0 NA 2
0 0 2
2 0 2
0 NA 2
2 NA 0
2 NA 0
2 NA 2
0 2 0
2 0 2
0 0 0
2 0 2
2 2 2
2 0 0
2 0 0
2 0 2
2 NA 0
0 NA 0
2 2 0
2 NA 2
2 2 0
2 2 2
2 0 0
0 0 2
2 0 0
2 0 0
0 NA 2
0 0 0
2 2 2
0 0 2
0 0 2
0 0 0
0 NA 0
0 2 0
0 0 2
0 2 0
0 0 0
2 NA 2
0 NA 2
NA 2 0
2 2 0
0 0 0
2 2 0
2 0 0
2 0 2
0 NA 0
0 0 0
2 NA 2
0 NA 0
2 NA 0
0 0 0
0 NA 2
0 2 0
0 NA 0
NA 2 0
2 0 2
2 NA 2
2 NA 0
0 0 2
0 2 2
2 NA 0
NA NA 0
2 0 0
2 2 2
0 NA 0
2 2 0
2 NA 0
0 0 2
2 0 0
2 NA 0
2 0 0
0 2 0
0 2 0
2 0 0
NA 0 2
2 0 0
2 0 0
2 NA 0
2 NA 0
2 0 0
2 0 0
0 2 0
2 NA 0
0 0 0
0 0 0
2 0 0
NA 0 0
0 0 0
0 NA 0
2 0 0
2 NA 0
2 0 0
2 NA 0
2 NA 0
2 0 0
2 0 0
2 0 0
2 NA 0
2 0 0
2 NA 0
2 0 0
2 NA 0
0 2 0
2 NA 0
0 0 0
0 2 0
NA NA NA
2 0 0
0 0 2
2 2 0
0 NA 2
2 0 2
0 NA 2
NA 2 2
2 NA 2
0 NA 2
2 0 2
0 NA 0
2 0 0
2 0 0
2 0 2
2 0 0
2 NA NA
2 0 0
2 NA 0
2 NA 2
NA NA 0
2 2 2
2 0 2
2 0 2
0 0 2
0 0 0
0 0 0
0 0 0
0 0 0
0 0 0
0 NA 0
0 NA 0
2 0 0
0 NA 0
0 NA 0
NA NA 0
NA 0 0
0 NA 0
NA NA 0
2 0 0
2 0 0
2 0 0
0 0 0
0 NA 0
0 NA 0
2 0 0
2 NA 0
0 0 0
2 0 0
2 NA 0
2 NA 0
0 0 2
0 2 0
0 0 0
2 2 0
2 0 0
2 0 0
0 0 0
0 NA 2
NA 0 0
0 0 0
0 0 2
0 0 0
0 2 2
0 NA 2
2 0 2
0 0 0
NA 0 0
2 NA 0
2 0 0
NA 0 0
0 NA 0
0 NA 0
2 2 0
2 0 0
0 0 0
0 NA 0
2 0 2
2 0 0
2 0 0
0 NA 0
NA NA 0
0 NA 0
0 2 0
2 NA 0
0 0 0
0 NA 0
2 0 0
2 0 0
2 0 0
2 2 2
0 NA 2
2 NA 0
0 NA 2
0 2 0
0 NA 0
2 0 2
2 0 0
0 0 0
2 2 0
0 NA 0
2 NA 0
2 0 2
2 2 0
2 2 0
2 0 2
0 2 0
2 0 0
0 2 0
2 0 0
0 0 0
2 0 0
0 NA 0
0 0 0
0 0 0
0 2 0
2 2 0
0 2 0
2 0 0
0 NA 0
NA 0 0
2 0 0
0 2 0
2 0 0
0 0 2
0 NA 0
0 0 0
0 NA 0
0 0 0
2 NA 0
2 NA 0
0 2 0
0 0 0
NA 2 0
NA 0 0
2 2 0
0 0 0
0 NA 0
2 NA 0
0 NA 0
0 0 0
0 0 0
2 0 0
NA 0 0
0 NA 0
0 2 0
0 0 2
NA 2 0
0 0 2
2 2 0
2 0 2
2 0 2
2 0 0
2 0 0
2 NA 2
0 0 0
0 NA 2
NA 2 0
NA 0 2
2 NA 2
2 0 0
2 0 0
0 0 0
2 NA 2
0 NA 0
2 0 2
0 2 2
NA NA 2
2 0 2
0 NA 0
0 0 0
0 NA 0
2 2 0
2 0 0
2 0 2
2 0 2
0 NA 0
0 2 2
2 0 2
2 NA 2
NA NA 0
NA NA 2
NA NA 0
2 0 2
0 NA 0
NA 0 0
2 0 0
NA NA 0
2 NA NA
NA NA 0
0 NA 0
0 0 0
2 0 0
2 0 2
0 0 0
2 NA 0
0 2 0
2 NA 0
2 NA 0
0 NA 0
0 0 0
0 NA 2
2 NA 0
0 0 0
0 2 0
NA 0 0
0 0 2
2 0 0
0 0 0
2 NA 2
0 NA 0
2 0 2
2 0 0
0 0 0
0 NA 0
2 NA 2
2 2 2
0 0 0
0 0 0
0 2 2
2 2 0
NA NA 2
2 NA 0
0 0 0
2 2 2
0 NA 0
2 0 0
2 0 0
2 0 0
2 0 0
2 0 0
2 NA 0
0 0 0
0 NA 0
2 0 0
2 NA 2
0 NA 0
0 2 0
0 0 0
0 NA 2
0 NA 0
2 0 2
2 NA 2
0 NA 0
2 0 0
0 0 0
0 NA 2
2 0 2
NA 0 0
0 NA 2
2 NA 2
0 2 2
0 2 2
0 NA 2
NA NA NA
2 0 2
NA NA 2
NA 2 0
2 0 0
0 0 0
0 0 0
NA NA NA
0 NA 0
NA 0 0
2 0 0
NA 2 0
0 0 0
2 0 0
2 NA 0
NA 0 2
0 2 0
NA NA 2
0 2 2
NA NA 2
0 NA 2
NA NA NA
NA NA 2
0 NA 0
NA NA 0
2 0 0
NA NA 0
2 0 0
0 0 NA
0 2 0
0 2 0
NA NA 0
0 NA 2
0 NA 0
0 0 0
0 NA 0
0 0 0
2 NA 2
NA 0 2
NA NA 0
NA NA 0
0 2 0
2 NA 0
NA NA 0
NA NA 0
0 NA 0
0 0 NA
2 0 NA
NA NA 0
2 NA 2
0 0 2
NA NA NA
NA 0 NA
NA NA 0
2 NA 0
2 NA 0
2 0 0
2 NA 2
NA NA 2
0 NA 2
2 0 0
0 0 0
0 2 0
0 0 0
0 0 NA
2 0 0
2 0 0
0 NA 0
0 NA 0
2 2 0
2 0 0
0 NA 0
2 2 0
0 0 0
0 2 0
2 NA 0
0 0 0
2 2 0
0 2 0
0 2 0
0 2 0
0 2 0
